7	251644.643877	498952.569324	98.002751
9	251611.086731	498950.155001	98.813168
10	251574.825560	498948.784532	101.073229
11	251599.515926	498951.074784	97.873701
13	251557.321167	498946.487165	98.501429
18	251467.840917	498948.907489	102.336709
20	251458.853892	498953.241799	105.763700
21	251717.563530	498972.272811	94.809441
22	251735.057443	498961.729064	99.923812
23	251655.231451	498973.086405	92.742475
24	251642.407981	498960.669454	96.687243
37	251638.733631	498962.034228	96.522626
39	251718.975110	499033.915664	94.155478
42	251718.425047	499002.210711	93.327397
43	251698.287697	498999.063986	94.113431
44	251696.422013	499010.856468	92.988565
45	251686.412891	498997.847120	93.117606
55	251471.094689	498998.311602	100.621914
58	251466.955553	499020.385706	103.163514
59	251717.764646	499056.593019	93.346323
60	251712.962030	499045.895964	93.429408
61	251726.681092	499059.463456	98.227215
62	251714.620131	499065.821105	95.169165
63	251703.393107	499045.041173	94.706206
64	251642.036343	499069.069483	96.349324
71	251654.348950	499061.608894	96.931922
72	251619.691839	499071.057273	96.883392
75	251514.165026	499070.135660	102.910993
76	251486.910568	499054.065768	102.040452
79	251744.966818	499094.556674	97.409227
80	251734.176561	499102.071550	94.173842
81	251740.923578	499112.028362	93.217243
82	251729.374420	499085.580598	95.031262
83	251646.284967	499077.197354	94.597259
88	251581.073919	499098.406601	95.634172
100	251621.441543	499076.413546	97.008565
103	251492.450812	499075.265498	100.858243
104	251500.290237	499076.349794	103.042163
107	251588.071561	498967.664475	87.198734
110	251756.260465	499005.788280	93.617154
111	251570.421808	498992.085805	86.422237
115	251560.362921	498985.399697	87.973447
116	251697.949080	499044.275800	93.288459
121	251678.313404	499050.256373	93.054276
122	251510.996785	499041.527549	95.359406
123	251500.240650	499048.468988	100.088233
124	251490.463079	499043.660344	96.647819
125	251636.871737	499084.556652	85.108177
126	251498.282703	499071.376696	95.201693
128	251745.204847	499100.539656	94.973526
133	251569.350470	499132.352111	97.965028
135	251595.642941	499122.212149	93.495470
136	251587.184943	499104.047770	93.977590
137	251511.542429	499135.815095	100.714404
138	251553.449849	499122.473625	99.226179
140	251501.250418	499111.715176	98.751592
142	251495.726812	499111.112258	98.610429
145	251698.568090	499002.755841	95.266029
149	251750.648062	499008.548883	97.306130
152	251620.403296	499035.027959	95.311382
154	251498.568240	499050.077736	102.784968
165	251580.900186	499093.564024	96.869122
171	251751.753082	499136.325462	94.876329
172	251766.788395	499150.052088	97.011927
187	251752.951331	499157.591160	95.619093
189	251746.367201	499149.962461	96.738604
190	251593.651759	499161.654749	98.902138
191	251576.085105	499160.583361	100.889304
195	251585.638920	499169.767472	99.303150
196	251600.424156	499167.127249	98.501293
198	251531.962151	499146.245134	102.329678
200	251453.827467	499046.540850	109.899860
201	251487.986934	499054.020042	104.749904
206	251636.015499	499085.686990	93.847541
207	251559.221064	499119.800384	101.623047
208	251499.667334	499121.545579	102.815032
209	251490.619664	499123.485968	102.850119
212	251452.862315	499120.034414	108.199605
213	251598.758833	499156.796827	98.299177
216	251533.427138	499146.214158	101.575841
218	251491.514968	499133.179874	105.914386
221	251769.580759	499163.532549	95.473101
225	251759.810588	499189.120530	98.384998
233	251648.019990	499195.489649	97.491370
234	251657.987882	499195.114054	95.613251
235	251677.104044	499193.748500	93.133030
236	251570.902796	499183.587126	102.850431
242	251589.670015	499180.330331	101.842069
255	251499.756269	499175.663892	110.766233
259	251640.330022	499073.865648	101.764063
262	251487.921598	499111.780184	104.592096
271	251763.563067	499142.817832	95.762456
276	251608.700017	499148.420982	96.099314
281	251576.944882	499141.848649	95.772268
289	251656.274650	499177.844387	95.523572
290	251552.668525	499174.132208	101.338616
294	251562.601922	499167.937637	100.951310
296	251572.744959	499203.645047	104.018875
298	251624.241246	499210.871526	98.389616
300	251584.043096	499213.719961	102.027479
301	251522.171056	499193.309966	107.954761
310	251684.565885	499160.459375	92.006077
312	251665.360461	499169.702553	92.209879
316	251766.055936	499184.238088	92.335014
319	251497.542807	499216.656332	107.924255
321	251662.371046	499239.493954	97.627272
327	251641.474626	499238.878377	97.298406
331	251649.822546	499222.703383	95.286685
332	251582.856006	499230.186628	100.833725
337	251569.371417	499237.757753	102.902667
347	251632.742371	499221.962007	96.593153
349	251611.972351	499241.585709	100.400518
353	251564.612552	499223.500567	102.961734
354	251565.942248	499232.398820	103.362296
355	251491.625000	499241.033723	108.298013
359	251685.618335	499167.860407	95.044982
362	251425.624200	499140.122894	108.248006
365	251459.832538	499170.490204	108.518949
366	251770.440801	499172.245376	94.676634
368	251755.948607	499177.530113	93.539427
369	251433.643294	499184.151499	108.666239
371	251662.680211	499278.935518	97.704097
372	251682.093523	499279.085854	97.842931
375	251657.129783	499273.787261	98.045712
390	251761.058869	499153.252414	106.273500
394	251765.729068	499207.160492	102.875690
395	251653.142598	499203.366413	100.185186
396	251701.599263	499256.175744	95.103319
397	251637.963394	499242.554194	102.177868
399	251509.502863	499250.649523	115.607301
400	251456.819798	499271.788639	110.422210
406	251712.725718	499298.050857	97.540469
410	251720.308134	499308.683243	97.445409
413	251656.667063	499301.368180	105.910229
415	251483.307391	499212.884770	113.928579
416	251565.804405	499234.552291	101.719573
418	251731.791605	499303.424941	94.896459
424	251727.292735	499296.673335	94.414799
431	251623.053264	499272.244127	101.758562
434	251463.117801	499311.831518	101.442349
437	251743.475323	499322.259831	95.389349
438	251693.590515	499341.595571	101.779073
439	251628.067519	499343.716202	101.760030
440	251510.514159	499344.712971	99.348407
442	251485.860043	499342.682157	102.742654
449	251498.574038	499341.420514	99.717566
450	251763.549612	499214.601403	90.522955
451	251476.451461	499255.195955	112.369227
454	251714.942758	499295.892619	94.536514
455	251608.740411	499261.507603	96.377341
457	251654.979465	499302.259685	103.417604
460	251629.471424	499338.233489	102.119343
466	251625.479287	499333.977706	103.263565
467	251595.010781	499336.413125	101.159560
468	251503.350004	499336.741881	99.835888
469	251469.942392	499343.861387	102.972315
470	251605.821495	499342.023148	105.938463
471	251579.365785	499375.793173	95.104417
472	251522.640440	499348.752968	98.130619
474	251556.855959	499371.302197	97.212023
475	251507.305755	499345.899015	98.500295
482	251475.935915	499361.556422	102.119560
497	251477.295766	499369.497013	101.459693
498	251486.262157	499351.158228	100.626443
499	251497.515567	499333.213273	99.684248
500	251490.002690	499330.918108	99.798504
501	251480.230205	499324.677014	99.882281
503	251724.515404	499334.593314	100.201045
504	251714.133879	499346.340286	101.513807
505	251713.324276	499365.511097	100.819763
509	251752.164664	499343.492308	96.002359
510	251762.751898	499382.137126	95.862709
519	251701.959025	499374.783407	99.174439
550	251697.029372	499397.392834	96.158606
551	251720.945325	499371.850051	97.218372
552	251682.326943	499392.579485	96.858434
553	251693.649300	499396.602745	96.778886
554	251638.296374	499397.478047	96.226134
555	251614.099936	499404.066705	96.801026
556	251614.419684	499394.666302	97.249154
565	251623.896374	499395.486956	97.694620
566	251534.560573	499412.195110	96.205289
567	251520.198371	499409.903224	98.160313
568	251500.614857	499408.225459	99.483055
569	251541.420796	499401.064701	97.010726
570	251465.398917	499410.476501	103.047966
572	251614.396584	499320.721585	105.882564
577	251434.048979	499290.775420	101.683212
578	251499.060534	499406.302745	99.669171
579	251477.260676	499371.588815	101.859641
580	251700.510297	499412.872208	93.789449
581	251631.677405	499431.969180	93.311289
583	251648.080804	499434.763326	93.006597
587	251630.437204	499423.550810	93.792156
588	251613.541518	499405.629317	95.011104
596	251578.906541	499420.136939	93.271633
597	251571.048888	499407.893508	94.798916
598	251625.070052	499427.629239	93.122077
600	251531.812904	499422.869162	93.254501
601	251485.133447	499438.711412	92.251632
602	251483.343397	499429.542728	94.467801
603	251458.143949	499413.396176	96.656686
607	251721.748521	499309.073589	96.200513
615	251629.707825	499392.370230	98.012611
619	251616.695950	499388.309841	97.787932
633	251532.659035	499363.526879	100.084429
656	251552.789813	499378.319662	97.006327
671	251528.656410	499393.540888	97.986357
681	251697.600872	499412.299498	94.336303
682	251701.058109	499394.948196	94.834666
690	251481.002963	499427.448772	94.650051
701	251638.501121	499437.104020	93.105316
705	251627.535311	499435.092302	92.079654
709	251596.766821	499458.529476	90.099005
711	251494.454262	499438.035457	91.422486
712	251485.097689	499442.516221	92.975219
716	251469.746490	499439.976196	92.757264
721	251603.131610	499385.936488	98.480419
722	251592.763773	499381.322108	98.776914
725	251581.405449	499374.264614	99.074635
737	251698.841617	499412.063304	96.321968
738	251702.568328	499457.685249	91.269150
745	251698.891217	499441.681782	92.573877
755	251712.847523	499492.659639	101.597451
756	251599.224750	499487.945083	91.339574
758	251498.139690	499481.832316	91.327307
759	251481.743108	499392.242977	99.734776
764	251669.465573	499468.215181	90.915216
771	251602.447844	499519.586274	88.216758
776	251467.269061	499409.674753	97.901780
777	251716.910656	499494.000025	87.497375
788	251507.653446	499498.105142	87.293893
793	251623.778031	499564.419662	88.032414
796	251518.057514	499555.935869	87.369139
797	251484.621664	499546.384007	88.438831
798	251636.572279	499439.522084	91.442847
804	251476.861775	499437.701206	92.471646
807	251729.286842	499542.959338	88.340194
808	251627.440106	499566.831264	88.090162
818	251621.043550	499564.911821	88.609940
881	251519.462746	499596.635928	89.043626
981	251604.382973	499487.614501	84.719481
982	251613.055935	499524.862158	85.676664
989	251751.039328	499547.615552	87.262444
991	251519.624577	499579.198974	85.269486
1001	251742.814119	499619.302202	89.023042
1002	251517.426961	499609.490518	85.972602
1003	251648.449833	499639.171861	91.773622
1010	251622.749256	499564.759458	93.033608
1012	251631.543049	499563.497586	91.887585
1013	251519.911011	499556.048196	96.618368
1014	251522.369382	499565.819951	95.937730
1016	251636.054395	499582.557727	91.517162
1019	251635.830976	499599.420982	91.884621
1020	251622.432335	499569.120948	93.160140
1021	251533.519899	499609.963361	93.356459
1022	251519.563206	499609.505907	95.598021
1030	251419.014815	499591.568756	98.396204
1031	251418.867382	499616.363527	97.957116
1032	251460.277602	499606.718292	96.512134
1033	251722.298278	499619.946477	94.542377
1035	251734.974118	499626.638709	96.831593
1036	251631.456498	499620.848641	92.084821
1037	251641.021383	499642.628219	92.107011
1038	251533.972310	499616.343178	93.463221
1041	251526.722696	499637.357049	95.679427
1042	251532.999611	499648.436205	94.704160
1043	251428.084033	499627.138032	95.098810
1044	251419.817905	499631.879272	98.093885
1047	251420.717097	499649.679107	98.254041
1048	251443.497062	499620.329332	92.679854
1049	251705.684229	499663.602868	91.970902
1050	251719.176076	499653.300167	92.160139
1055	251703.062933	499646.161347	93.896845
1056	251682.371054	499651.870082	94.115956
1057	251672.408761	499674.457224	91.275217
1058	251638.009142	499683.614788	92.109564
1059	251632.139874	499675.172128	92.418842
1060	251618.282333	499685.852230	92.596735
1061	251546.002482	499662.850894	90.036633
1062	251527.067214	499683.343851	95.100271
1063	251537.133578	499665.813939	94.106858
1064	251532.522931	499654.658895	95.075711
1065	251721.047809	499699.337762	91.678330
1066	251725.878743	499713.295759	92.721724
1068	251658.571457	499717.570192	90.989196
1069	251633.063915	499687.149372	92.414464
1070	251556.735482	499708.781593	93.265533
1077	251597.319943	499697.846328	94.123229
1079	251568.694777	499722.592690	92.340636
1080	251598.439812	499715.359153	92.827892
1082	251487.075876	499729.005153	96.027592
1087	251529.944421	499715.791925	93.533094
1090	251519.627551	499722.742678	94.491146
1092	251724.291572	499545.511682	93.662541
1094	251626.923870	499562.283388	93.009464
1095	251635.184225	499563.718003	92.111528
1096	251612.860803	499527.387062	95.035969
1101	251480.226274	499563.569993	100.311676
1106	251737.908273	499572.829912	93.793427
1107	251742.391865	499590.686626	93.328671
1108	251627.708276	499566.993435	92.978946
1116	251621.097029	499568.568644	94.108084
1117	251620.501483	499584.134015	94.368887
1123	251744.158571	499612.135483	94.568063
1133	251534.794850	499631.034621	95.523967
1134	251575.666226	499676.433233	97.048164
1135	251628.156130	499680.029039	93.225645
1141	251725.749980	499532.896209	92.055184
1142	251723.886957	499543.317082	92.442345
1144	251517.718575	499557.845132	95.947217
1149	251533.496979	499593.005404	95.031729
1150	251521.627435	499581.140351	98.860466
1152	251531.128337	499603.845391	95.987944
1159	251708.100631	499623.329295	91.466268
1162	251704.319050	499635.146194	94.144703
1163	251645.759999	499644.076438	93.420036
1171	251749.986517	499666.091230	91.307757
1172	251736.080356	499650.931084	91.893651
1173	251772.184951	499640.811643	93.111217
1175	251758.595133	499663.868803	91.897497
1179	251749.487604	499695.097801	91.391784
1180	251763.856336	499543.894686	95.611277
1181	251745.162041	499549.745508	94.244124
1184	251781.922670	499601.955297	97.536785
1185	251801.773936	499597.473682	96.058050
1187	251750.595125	499581.843927	92.733838
1191	251536.589827	499608.743511	95.752803
1197	251754.998885	499610.695519	93.571643
1200	251786.528504	499636.721791	92.522121
1203	251640.099555	499639.724826	93.353096
1204	251533.286288	499632.013965	97.671199
1205	251543.075874	499672.432721	96.377525
1207	251536.582824	499657.136173	97.389517
1212	251634.185210	499565.900826	92.179143
1213	251524.011350	499559.256037	102.061395
1214	251639.807995	499604.752402	91.448153
1215	251631.678753	499572.232741	92.396744
1216	251804.350518	499623.122125	92.950159
1217	251816.734474	499643.846563	92.204228
1218	251775.259110	499654.598326	90.129748
1220	251821.237618	499672.814475	92.145460
1227	251797.382616	499710.447243	91.966544
1229	251797.200063	499704.353393	91.798605
1241	251809.974533	499709.763032	91.997431
1244	251764.488112	499543.469050	91.465538
1247	251750.849149	499546.877909	93.276370
1248	251826.705236	499609.384469	96.265286
1250	251725.846622	499640.776445	93.794893
1251	251823.965834	499642.323661	91.645053
1254	251803.786870	499689.077798	91.375111
1256	251845.506239	499535.445666	96.205754
1257	251841.182128	499547.335474	93.239564
1260	251856.563379	499556.902447	96.949731
1261	251870.279091	499583.034650	100.616589
1263	251878.431340	499589.737186	101.035196
1264	251879.988770	499580.475281	102.013151
1269	251799.721719	499602.366926	91.712861
1271	251616.084548	499573.165558	95.074204
1272	251885.524666	499607.336024	101.544735
1273	251873.042085	499614.389595	99.530352
1275	251850.404359	499620.805988	92.285295
1276	251645.859826	499644.931897	91.999481
1281	251632.795735	499623.284028	93.594434
1282	251857.732687	499675.367076	92.560571
1283	251870.838336	499659.490684	92.802615
1286	251862.494002	499668.002221	92.750862
1287	251596.353380	499690.577100	101.667504
1289	251885.670169	499686.997391	100.114867
1292	251880.734089	499694.884626	99.430548
1420	251603.263831	499696.082330	99.991470
1421	251966.296047	499583.043882	92.282528
1422	251952.877684	499579.525542	91.609127
1423	251953.644327	499564.837888	92.939091
1424	251943.561711	499586.471206	92.953718
1425	251925.066161	499594.877009	92.609617
1426	251879.549779	499589.683490	98.582229
1427	251917.525573	499588.263612	92.968352
1429	251881.746540	499579.968127	97.821026
1430	251864.557028	499587.933431	97.818310
1436	251866.914077	499574.160013	97.100008
1440	251738.892988	499573.090183	94.815796
1441	251736.102355	499551.708031	93.663026
1443	251968.624807	499614.431980	91.297990
1444	251957.601100	499606.356472	91.276338
1445	251981.014532	499612.567195	91.329208
1446	251885.461438	499607.788957	92.872940
1447	251874.852487	499614.088656	93.283117
1449	251910.762205	499599.852242	93.216432
1450	251888.275852	499616.952347	92.614608
1452	251804.986923	499623.607964	94.398847
1454	251826.723973	499609.488397	96.985741
1456	251744.054461	499612.319766	93.390371
1459	251734.117749	499616.512141	93.782642
1461	251729.981853	499617.548181	93.851889
1464	251718.874274	499619.728276	93.666195
1465	251973.096566	499652.287818	92.492934
1466	251907.167464	499674.556398	92.536984
1467	251922.993232	499676.973142	92.567951
1468	251930.023942	499659.669056	91.937463
1469	251864.595699	499663.723325	91.378484
1472	251826.387225	499642.666170	92.876929
1473	251759.351415	499663.924928	94.053318
1474	251736.340397	499650.962572	94.800485
1475	251740.510287	499632.286905	98.164267
1476	251773.507256	499639.344350	93.537840
1477	251719.619954	499653.448314	94.918960
1478	251704.116270	499659.711666	95.240017
1480	251703.741621	499646.423472	98.027161
1481	251952.090636	499686.711357	93.755951
1482	251943.688991	499719.095039	93.647776
1483	251959.463536	499705.424874	94.059241
1485	251887.182214	499688.574815	92.977940
1486	251905.485234	499679.603038	93.272084
1487	251928.141150	499718.504206	93.196984
1488	251870.820821	499715.040681	91.714618
1490	251796.961998	499704.219092	93.496684
1491	251809.939470	499709.348051	94.107159
1492	251820.356678	499699.402782	92.636353
1493	251789.999040	499704.388122	93.021757
1494	251775.331469	499703.417295	93.519171
1495	251752.777590	499693.912563	93.898770
1497	251743.961547	499665.991658	94.408672
1498	251672.890133	499674.504984	96.111869
1501	251684.423164	499684.699289	95.951236
1504	251701.692193	499666.278865	95.559013
1505	251935.515440	499723.856909	93.334268
1509	251884.993415	499732.768361	93.135097
1510	251931.724067	499723.011129	93.632971
1513	251802.019803	499715.800634	92.426733
1514	251861.007517	499726.280645	93.599777
1515	251769.882931	499711.252156	93.624113
1517	251747.889846	499725.395938	95.262672
1520	251659.401544	499716.098666	98.156086
1522	251666.407001	499708.400649	96.706609
1524	251961.016806	499573.686317	91.943950
1526	251934.616981	499541.973774	94.148378
1530	251919.057019	499573.514503	98.511806
1531	251843.937858	499542.627702	93.042371
1532	251763.912979	499543.889087	93.123572
1533	251739.858281	499554.240877	96.388218
1534	251783.338969	499539.648922	92.893373
1537	251721.150419	499541.934494	94.551098
1538	251727.412655	499558.963826	94.386693
1540	251854.739772	499582.637078	96.074705
1546	251863.230844	499595.163011	99.437624
1547	251850.933900	499600.201007	97.511872
1548	251743.336522	499564.926476	94.285391
1549	251987.366092	499637.709436	92.840802
1550	251968.673167	499617.378729	91.929008
1551	251889.928951	499613.484088	92.810498
1552	251843.613546	499609.662932	94.326630
1553	251698.739705	499626.039862	94.533667
1554	251721.613914	499619.507293	93.604601
1555	251696.267401	499639.676358	98.896455
1556	251986.470716	499669.116645	94.639926
1558	251998.946954	499684.323130	96.387242
1559	251999.476617	499664.518365	93.523536
1560	251857.805082	499675.872477	91.869031
1562	251821.342299	499673.180581	92.076493
1564	251801.915970	499685.833366	93.747588
1565	251750.862564	499666.021646	94.479591
1566	251947.854963	499550.749737	97.303317
1567	251939.861199	499531.102890	93.338087
1568	251988.231866	499515.744420	96.195455
1570	251932.076861	499527.018735	92.841684
1572	251927.930376	499549.703075	93.675969
1576	251836.891927	499526.280714	93.217144
1577	251725.961167	499537.671397	93.296136
1578	251920.337408	499588.758994	92.207918
1579	251864.081572	499584.520863	97.437616
1580	251723.595463	499540.915242	93.702797
1584	251729.305825	499556.151579	93.677385
1588	251722.214937	499618.151688	92.033393
1589	251927.909231	499661.415514	92.173971
1592	251705.831065	499663.740433	94.517159
1593	251937.019019	499511.852140	93.494569
1594	251919.755481	499507.721822	93.797232
1595	251911.052844	499483.686091	93.043087
1596	251917.452353	499494.611601	93.413499
1597	251924.282032	499488.175336	93.819728
1600	251824.156495	499494.956431	94.719447
1604	251835.681475	499501.644930	94.785419
1606	251733.648465	499490.485543	94.762765
1610	251717.353305	499494.711286	94.571698
1612	251720.237441	499490.075683	94.659672
1613	251725.546439	499545.114030	94.293892
1614	251862.166886	499576.400675	96.486383
1619	251851.669003	499566.341231	93.712378
1627	251835.761249	499590.374334	92.905763
1628	251708.789525	499623.287935	93.644986
1631	251806.413017	499461.693485	93.799894
1642	251820.908994	499465.677945	94.115461
1643	251802.798569	499463.903106	93.796160
1644	251944.955957	499525.113323	94.425562
1649	251823.545145	499496.851560	95.417052
1651	251738.926940	499486.373627	94.813608
1652	251962.012379	499575.563108	94.313880
1653	251743.479932	499566.937376	96.707667
1662	251749.822050	499577.466910	97.249223
1665	251789.419638	499604.114315	95.714474
1666	251998.490497	499440.586661	102.704174
1667	251893.562558	499431.887333	94.123984
1668	251885.053205	499432.485852	93.955813
1669	251898.927267	499457.882077	92.550965
1671	251878.234286	499436.374201	93.949822
1674	251806.315520	499438.192923	97.447797
1675	251784.718498	499429.228123	94.897084
1676	251802.701867	499441.459563	94.663994
1677	251790.254152	499445.625628	97.405698
1678	251796.505102	499428.732175	94.422615
1686	251701.129207	499441.867923	95.559826
1689	251915.669916	499501.629511	93.999536
1690	251704.232741	499456.988741	96.030389
1692	251718.319318	499492.119711	94.956484
1695	251945.953007	499541.612731	97.174952
1696	251845.271279	499537.137683	95.726223
1701	251833.107522	499524.220528	94.631292
1702	251727.098940	499531.428626	94.483377
1708	251726.649406	499504.316721	94.947685
1709	251998.557829	499415.942493	93.744741
1710	251981.463349	499436.978892	94.585162
1711	251871.862458	499396.587174	92.594667
1712	251869.578842	499397.577044	92.528991
1713	251870.127447	499405.895888	92.685179
1714	251861.774057	499400.300436	92.811099
1715	251870.199372	499418.877982	92.671604
1716	251766.367500	499394.012148	92.054322
1717	251778.987422	499397.915471	94.067588
1725	251786.386366	499426.509992	92.853508
1726	251906.281209	499470.444231	92.068487
1731	251901.170939	499459.081600	91.418566
1732	251826.549197	499498.536665	95.268686
1733	251792.093621	499471.233865	93.602682
1734	251720.481879	499509.481709	93.705186
1745	251673.304917	499552.382083	95.356159
1746	251904.683849	499385.469239	93.445107
1747	251850.361756	499363.950424	92.437687
1748	251865.823292	499394.759790	93.290672
1749	251859.158563	499374.669725	93.359585
1750	251768.768171	499393.426952	94.415708
1751	251761.622137	499382.029974	95.093909
1752	251713.879623	499361.174987	99.032058
1753	251730.265666	499363.626111	98.004229
1754	251680.843886	499393.798907	99.010713
1756	251723.215588	499373.988462	98.076584
1757	251976.550080	499440.237553	94.437384
1758	251865.049051	499404.409944	93.669133
1760	251796.792132	499435.867268	94.894062
1761	251790.630205	499433.457274	95.841366
1762	251695.004705	499397.086170	99.782021
1763	251666.156789	499426.210703	100.902740
1764	251682.796519	499405.488972	99.075215
1769	251668.867613	499397.758029	99.103045
1770	251790.194082	499445.537570	95.175626
1772	251776.734832	499473.348268	94.633754
1774	252000.786831	499511.752825	99.622537
1775	251930.158276	499540.826771	97.668969
1785	251927.838349	499533.714621	96.584293
1788	251869.953017	499343.151768	92.779548
1789	251846.016071	499339.621103	92.132517
1790	251852.681286	499363.574091	93.070166
1793	251851.925838	499353.665051	91.560273
1797	251758.341134	499336.973900	96.054892
1798	251751.781017	499346.078469	95.999628
1799	251990.793152	499388.120782	95.005466
1800	251998.117416	499416.315845	94.438572
1801	252000.326200	499381.491769	95.136198
1802	251983.059007	499386.923344	94.572539
1803	252004.172692	499423.887279	94.990281
1810	252003.586909	499432.389989	96.763029
1814	251794.746662	499449.644639	92.550060
1816	251721.313868	499480.252946	98.075865
1817	251975.511581	499340.385102	93.179742
1818	251930.722067	499318.828394	92.850689
1821	251882.755833	499305.888405	94.288354
1822	251871.891072	499309.169348	94.904072
1823	251824.181159	499308.422689	94.467078
1824	251835.225506	499307.584065	94.291309
1829	251844.817497	499332.528853	91.686420
1831	251739.070389	499321.974725	96.829173
1832	251753.954158	499329.818288	95.578327
1835	251972.191610	499353.397242	94.116626
1841	251993.720081	499383.767070	93.656440
1842	251980.152043	499349.853103	93.779021
1848	251922.105137	499374.999205	92.751183
1849	251752.673888	499343.006085	95.038309
1850	251734.178280	499350.657564	93.121223
1851	251715.695842	499347.431355	98.181659
1852	251865.003686	499389.918853	92.841895
1853	251787.486376	499426.901423	94.020193
1854	251792.736110	499444.020279	93.333736
1855	251941.838606	499292.971072	96.267522
1856	251960.642288	499304.645524	95.757723
1857	251951.010923	499291.897259	95.795614
1860	251871.574721	499291.697520	95.165781
1863	251934.704858	499276.944135	95.618313
1864	251824.489453	499298.324964	96.177307
1866	251836.875868	499297.363836	96.157739
1867	251802.470675	499282.297302	95.198217
1868	251799.397082	499276.522980	95.115503
1869	251790.052214	499304.782542	95.741763
1870	251709.137825	499294.828751	98.903901
1871	251713.114226	499284.694215	99.151142
1873	251721.754354	499281.827108	97.181857
1883	251954.839603	499313.869002	94.738179
1885	251711.842850	499318.925423	99.550206
1887	251725.069223	499331.125214	100.347091
1888	251718.824081	499306.227400	98.335700
1890	251720.542378	499323.254389	100.135213
1891	251868.057545	499388.492565	94.115750
1899	251893.955977	499387.594602	94.227502
1900	251717.019613	499349.443004	99.608974
1903	251790.761084	499440.043039	97.395843
1907	251948.543985	499276.690468	94.678001
1909	251945.451201	499267.249144	94.371766
1911	251925.343431	499256.805280	95.570904
1916	251855.349091	499280.682548	95.112100
1917	251864.150100	499276.136574	95.069119
1918	251812.384661	499265.306083	94.826891
1939	251796.241099	499259.723907	95.304880
1945	251932.915165	499326.396219	94.260074
1949	251920.440285	499327.830395	94.261276
1951	251763.697482	499382.993618	96.930197
1953	251879.317889	499411.689073	94.067543
1956	251697.430055	499397.972820	102.166259
1959	251924.084421	499252.164462	95.258219
1963	251924.179487	499238.951739	95.563526
1964	251907.154921	499228.214190	94.768117
1965	251905.428864	499241.913588	95.133043
1976	251801.091747	499237.939250	94.126653
1977	251808.808385	499248.929248	94.288364
1979	251927.510908	499255.233453	95.387704
1985	251722.501337	499282.718508	93.288007
1992	251689.906200	499267.662463	98.685266
2000	251764.167718	499322.429775	97.046382
2002	251925.220526	499374.978622	94.031006
2003	251935.321506	499373.139655	94.186655
2004	251990.607195	499387.622116	97.808643
2005	251862.480940	499386.830497	93.609649
2006	251972.276087	499215.072107	96.720138
2007	251951.656924	499225.093070	93.158585
2009	251894.116369	499202.224199	96.448036
2013	251903.052202	499195.923481	98.690408
2014	251882.129923	499203.907118	96.981540
2017	251872.466958	499199.223860	94.914737
2018	251868.743000	499195.440166	96.158127
2024	251777.259753	499187.000722	95.290923
2027	251794.243405	499216.706966	94.188145
2029	251782.309402	499194.640970	95.627347
2030	251787.046831	499206.144734	94.027285
2031	251941.095224	499227.254880	96.609548
2041	251804.534790	499239.323393	94.918802
2045	251809.035830	499256.757239	95.005947
2046	251801.133089	499243.641849	94.659998
2052	251938.760963	499289.521537	96.378476
2057	251957.638473	499313.028641	95.269462
2058	251870.871333	499307.459410	94.819551
2059	251752.768730	499344.095408	93.187020
2062	251903.684480	499174.960848	100.985029
2065	251890.362521	499167.848158	100.547709
2066	251882.032689	499159.036206	100.584756
2079	251865.219073	499162.735099	99.471308
2080	251859.790437	499184.296340	96.457023
2085	251848.187135	499158.812953	97.461009
2086	251819.076959	499160.438360	94.784603
2093	251747.948347	499157.291022	98.489545
2095	251762.285521	499153.841315	97.089221
2099	251719.527099	499161.384683	100.130614
2104	251865.434385	499192.866310	97.287282
2112	251678.809880	499194.427615	101.090047
2114	251684.738230	499202.028433	100.935932
2120	251796.980932	499258.664384	97.151157
2122	251787.095679	499232.689700	97.597617
2123	251691.480192	499234.286068	99.975698
2124	251720.798462	499264.359687	98.634402
2125	251929.942744	499316.427298	98.123138
2128	251831.282390	499319.509749	98.165691
2129	251957.536245	499157.879072	103.610126
2134	251926.508513	499149.038966	103.132781
2136	251859.489757	499134.836221	101.729048
2150	251754.620627	499137.938768	97.161999
2151	251722.959259	499146.905106	97.239040
2153	251957.287654	499167.076734	103.151742
2154	251947.640898	499167.710607	103.025691
2155	251965.703053	499173.211450	100.452119
2156	251981.786362	499172.070727	99.419860
2161	251768.688844	499165.662271	96.269545
2163	251798.669181	499230.076130	94.336963
2168	251681.926313	499199.230863	99.258406
2260	251799.415712	499248.272043	96.089748
2262	251963.721741	499136.142810	99.530022
2263	251972.958277	499126.702366	97.650611
2291	251981.226607	499131.859152	98.753883
2297	251890.589432	499126.351665	102.050621
2299	251855.972502	499121.367919	101.533010
2308	251861.114221	499100.566685	101.565381
2309	251739.657907	499111.573484	96.112915
2312	251746.293640	499128.828919	94.720918
2320	251745.344067	499120.286773	95.691581
2344	251982.834473	499183.691983	99.805230
2345	251778.457153	499172.122775	95.428234
2346	251780.273858	499222.472199	92.529808
2355	251749.967217	499253.427314	95.403184
2356	251875.039311	499067.513416	103.753529
2357	251896.543838	499075.707525	105.810497
2360	251841.777759	499078.403225	102.046012
2361	251840.282818	499099.423892	100.079251
2362	251745.348572	499095.391179	97.804880
2363	251801.193695	499077.374246	91.934704
2365	251735.834319	499091.126160	96.358984
2366	251720.157341	499064.689845	98.700525
2367	251732.815986	499094.297340	96.122267
2369	251732.195846	499085.106543	96.798658
2379	251729.399043	499071.728674	98.558145
2381	251754.413788	499135.764686	96.803657
2382	251665.759385	499132.798290	94.965972
2404	251731.008088	499103.262294	96.347851
2406	251844.302926	499149.886953	98.144144
2407	251682.958025	499162.643593	93.826336
2408	252007.967300	499212.113431	95.220213
2409	251901.086269	499037.081745	110.999942
2411	251839.256281	499042.637491	107.267397
2414	251868.183738	499037.572910	109.657750
2422	251720.903263	499036.101182	106.010934
2424	251682.136713	499054.303396	112.648081
2425	251955.841510	499147.963520	108.863894
2426	251866.408545	499192.891813	102.968746
2429	251907.160115	498965.040950	104.371773
2430	251858.109957	498977.760527	98.886212
2438	251945.630690	499019.361622	101.245390
2442	251874.940399	499024.266965	102.598505
2443	251897.221202	499013.929760	102.793938
2445	251850.156623	499007.226902	100.719848
2446	251849.229811	499034.809507	100.123823
2447	251860.910682	499050.301493	102.267203
2448	251947.740031	498940.930555	108.422018
2450	251917.397773	498935.876391	105.343102
2451	251877.576563	498931.548003	95.163308
2452	251871.523154	498952.742434	93.771324
2453	251737.177605	498951.451263	99.162420
2454	251720.984756	498928.759352	95.694885
2456	251933.231289	498990.321899	106.704005
2462	251854.148075	498992.294580	102.414800
2463	251718.157034	498974.857505	99.897289
2464	251724.953011	498992.878812	98.299128
2465	251729.356123	498985.852444	102.987231
2466	251657.392905	498973.044399	102.565092
2467	251664.292748	498981.920883	100.716817
2468	251678.592825	498993.098735	97.648135
2470	251920.064855	499000.782046	105.571725
2475	251839.417077	499004.695368	101.957292
2477	251838.644730	499028.347047	101.763720
2478	251711.399080	499038.221596	98.883761
2482	251727.528626	499000.202812	102.301746
2483	251698.234967	499001.117738	97.572235
2484	251698.667686	499011.834947	94.291913
2495	251693.927205	499028.668983	99.290037
2497	251699.042186	499039.113684	98.984813
2498	251869.043321	499038.245981	103.429551
2499	251852.273191	499039.584607	101.812191
2500	251842.989336	499056.471869	101.295208
2501	251832.635136	499064.279592	101.240108
2509	251840.821384	499067.121193	101.820883
2510	251708.415307	499041.948006	99.364225
2511	251731.214103	499071.898911	96.296763
2513	251717.428481	499057.426255	97.314988
2514	251708.493839	499050.886223	98.303896
2515	251861.690475	499101.595859	101.909644
2517	251867.393841	499085.984309	103.417349
2518	251850.368201	499107.474336	100.814208
2524	251824.714396	499105.687317	94.758926
2530	251836.653366	499101.939401	100.705169
2532	251730.982811	499087.610943	96.247305
2542	251707.362501	498967.651735	101.838993
2548	251856.415121	498981.364832	101.427800
2549	251927.463157	498999.543443	106.048528
2550	251778.637141	499019.622359	94.138745
2552	251772.828725	499014.430408	100.589282
2560	251868.682829	499040.639468	104.185070
2562	251726.991626	499060.188303	98.129727
2563	251993.016956	499072.236349	102.908609
2566	251879.635058	499095.211055	103.042844
2567	251876.250782	499086.929560	103.214434
2568	251745.025850	499102.612168	96.756818
2570	251735.980099	499095.399844	97.168313
2571	251742.733760	499112.737118	97.315422
2572	251749.887691	499127.050215	96.438815
2573	251964.305522	498937.798625	108.843383
2574	251771.656555	498967.508329	101.487972
2575	251802.765437	498967.950886	103.170237
2580	251974.615170	498963.893612	108.209714
2581	251756.555608	498988.955467	102.721713
2582	251754.649096	499004.165954	102.553516
2584	251770.905882	498996.396194	103.196806
2585	251958.130147	499022.266643	108.549296
2588	251973.289306	499000.796469	105.479626
2590	251804.546517	499026.609406	100.972955
2591	251986.813129	499063.275653	101.628282
2593	251984.693924	499049.095471	100.248024
2595	251823.313465	499069.839529	96.474374
2599	251988.734372	499095.021651	102.744056
2600	251973.605635	499097.175696	102.427900
2601	251988.824846	499084.690522	101.599053
2603	251917.649181	499111.589365	105.557186
2605	251825.676444	499094.676556	102.676142
2649	251977.910156	498966.981163	107.643953
2668	251990.546716	499034.167322	101.223319
2711	251994.004204	499024.764994	101.138400
2750	251984.178933	499085.846873	100.540566
2751	252018.744023	498957.108324	100.803781
2752	252021.481686	498931.867198	105.666849
2753	252031.669239	498951.506775	101.227292
2754	251870.844029	498954.776269	102.043343
2755	252063.510505	499020.136167	101.364755
2759	252059.643531	499032.090027	100.965854
2760	252071.238558	499013.420576	102.296495
2770	252060.935195	499010.027402	103.253178
2777	251805.071416	499021.910320	103.730468
2778	251803.833280	499032.603513	104.670413
2779	252059.113354	499048.105267	100.624524
2782	252056.770539	499063.167341	101.287979
2784	252065.837947	499053.711958	101.486793
2789	252061.776383	499039.545374	100.737458
2791	251884.235900	499057.528912	106.371616
2792	251808.855653	499079.976100	102.013840
2795	252048.191303	499091.763011	100.687515
2797	252043.543053	499103.932951	99.381167
2798	252051.656932	499073.265867	100.969170
2799	252049.815887	499081.928963	100.619751
2818	252088.874609	498981.747005	103.513828
2830	252083.420157	498986.709172	102.760650
2831	251827.182996	499013.673531	104.898785
2852	251987.049460	499064.288268	96.947207
2853	251973.510305	499079.909029	99.787872
2855	252045.914996	499096.188492	97.297470
2857	252050.864302	499086.481702	97.777079
2862	252043.443447	499101.262149	96.514587
2863	251975.530220	499095.581616	99.651182
2864	251826.593138	499106.029524	102.059365
2865	251838.143225	499129.921060	101.629600
2866	252020.793811	498957.300540	98.227204
2867	251854.172371	498960.384030	102.878748
2868	252085.040122	498997.856471	98.708925
2873	252099.447141	498966.143285	102.538722
2893	252002.289733	498972.123081	97.903705
2894	251971.226101	498975.859340	105.917934
2899	252076.903363	499007.936127	98.256635
2902	252079.639117	499015.119248	99.325770
2911	251937.546998	499013.471572	106.349848
2913	252074.205624	499075.685818	97.662699
2922	251986.004450	499087.176670	96.045190
2923	252078.859982	499094.952676	100.493912
2925	252142.414202	498945.160027	107.089723
2928	252147.000765	499037.863843	107.313631
2929	252156.711104	498931.031579	111.473117
2932	251996.917124	498947.195034	104.288097
2933	251947.450517	498944.826118	110.766347
2934	251916.276492	498947.965702	110.511635
2935	252157.630539	498954.842179	109.676685
2936	252088.730797	498982.244701	98.984139
2938	251960.129373	498957.782680	109.386909
2940	251921.698683	498968.107543	107.641395
2941	252140.120228	499012.921845	114.385179
2947	252125.091821	499014.898726	103.748025
2948	252070.470118	499014.593022	98.350813
2949	252079.599785	499003.452313	97.318864
2950	252089.536428	498996.872424	98.309848
2951	251913.328104	499014.204406	106.880943
2952	251902.139479	498999.350925	105.980207
2953	252126.898543	499064.403840	108.638229
2954	252126.288700	499041.432251	107.154062
2962	252058.656659	499053.043612	96.792265
2973	252061.439223	499034.503252	97.222819
2976	252059.345477	499045.937488	97.925265
2980	251940.355969	499035.714215	109.279723
2982	252122.129632	499067.527968	107.452358
2983	252099.694321	499095.579486	99.188319
2984	252119.869786	499089.041592	103.393778
2995	252108.802370	499095.724359	101.808048
2998	252048.770781	499090.429869	96.281348
3005	252055.070638	499070.122853	96.097515
3006	252096.648768	499100.493373	99.131057
3007	251971.952749	499098.287838	99.759387
3008	252188.153177	498953.425062	110.276859
3009	252039.056180	498955.183845	93.182308
3017	252156.421704	498982.244690	108.829537
3018	252096.046726	498972.023613	93.806027
3019	252083.812980	498998.157225	96.334409
3020	251976.394655	498993.386773	102.037780
3022	251899.808852	499059.230471	107.157227
3023	252166.782366	499049.908017	110.513041
3024	251987.458275	499079.987275	98.387505
3025	252166.898498	499111.801495	111.868267
3026	252106.038435	499096.228362	100.545748
3027	252043.817701	499129.457631	94.488633
3031	252041.733866	499113.005300	94.958416
3039	252081.730044	499124.780677	98.213257
3040	251934.772654	499138.496116	101.930532
3049	252086.626404	498994.727395	99.710897
3050	251990.402951	499008.733144	98.983353
3051	251896.148273	499077.615667	106.352877
3054	252044.309492	499118.017317	95.307070
3059	252171.221971	499127.433984	112.874579
3060	252161.894184	499144.427415	114.422565
3061	252098.335365	499123.702360	99.377725
3063	252043.521185	499149.887678	94.465895
3064	252039.249216	499154.369356	93.730967
3065	251991.965040	499141.080142	96.332854
3067	252028.642031	499147.706100	93.360991
3070	252163.326072	499035.799322	124.208207
3071	251987.023185	499067.402762	100.051598
3075	252048.423464	499092.793838	95.584873
3076	252053.337109	499073.700844	95.954325
3078	251898.990188	499102.020634	107.894068
3079	252092.860095	499116.134943	99.010503
3083	252115.767817	499100.859509	102.735145
3090	251964.832947	499132.356173	100.380378
3093	251980.110075	499132.837278	99.483380
3098	251925.246097	499151.663856	102.008808
3099	251917.365791	499142.352876	103.389104
3114	252042.794632	499181.621704	93.198341
3123	252027.346333	499183.011651	94.001748
3125	251974.380236	499173.881655	97.871186
3130	251965.961186	499175.208192	96.218052
3131	251951.397617	499166.107441	100.689324
3137	251918.965172	499164.309189	99.791515
3138	251926.096603	499157.488825	100.709451
3140	252189.735609	499086.412115	113.524253
3141	251958.131845	499151.032454	98.639887
3142	252187.090534	499195.237503	119.784147
3143	252047.643789	499197.882332	93.240980
3144	252053.578940	499205.559579	92.450284
3145	252026.637577	499214.060363	91.734807
3147	252023.941013	499204.644576	92.581717
3148	252096.933009	499124.061694	97.262874
3149	251962.683534	499136.352397	98.685304
3151	252016.575422	499203.989463	92.179686
3153	251904.055093	499185.783707	98.324704
3154	251914.069341	499180.990873	97.540098
3155	251893.785466	499203.562345	95.664817
3164	251896.515312	499189.582250	98.330452
3174	252033.191404	499231.747141	92.264225
3175	252037.509152	499239.567230	91.761976
3176	252030.756280	499221.160490	92.375438
3189	251972.197786	499216.605039	92.688308
3190	252025.050890	499215.596989	91.878545
3191	251925.492104	499254.276777	93.816360
3192	251923.853254	499239.303586	94.202988
3194	251908.873716	499229.284591	97.856480
3195	251947.904891	499230.405513	92.442529
3196	251962.794879	499133.385436	100.676364
3197	251952.640877	499170.788894	98.199458
3198	251971.719567	499173.878418	93.506339
3199	252021.605377	499199.133238	93.103400
3200	252013.920785	499205.465851	92.137595
3202	252179.055285	499251.518295	106.794125
3220	252047.126273	499269.387922	94.030086
3224	252035.797520	499235.813066	92.190713
3225	252043.757560	499261.849193	94.384207
3230	251926.595757	499257.271573	92.790567
3231	251930.542298	499265.276117	93.560583
3235	251921.837513	499148.402422	99.527468
3236	252143.967810	499166.753664	120.351764
3238	252188.022850	499194.693400	115.415080
3240	252142.961032	499206.155628	113.131768
3244	252055.164971	499205.659884	91.202569
3246	252192.583010	499248.582728	104.539114
3254	252047.499204	499271.362860	91.785307
3260	252015.203356	499201.798448	93.945096
3262	252184.096789	499257.498637	105.433989
3270	252053.252320	499283.077857	91.775331
3274	252059.942372	499293.690143	91.629293
3277	251941.236523	499294.874466	92.842480
3278	251935.861737	499282.568483	92.921902
3279	252177.412403	499300.472494	92.733882
3280	252166.880165	499294.488928	94.345265
3281	252177.589543	499310.635871	91.247590
3282	252109.648257	499320.102874	95.064209
3285	252125.736562	499326.910409	93.633800
3291	252102.288245	499328.592678	93.424248
3292	252064.151856	499310.209388	92.837763
3293	252069.435420	499331.451802	93.543349
3302	251960.655297	499306.432039	92.919634
3303	251999.113679	499314.410328	93.599836
3304	251957.757997	499314.676737	93.136853
3306	251952.670648	499305.394444	92.896012
3307	251943.766536	499309.978081	92.134162
3308	252045.709280	499191.555301	92.234749
3310	251907.003642	499229.316360	94.968834
3311	251902.049721	499219.332125	94.618971
3312	251959.888163	499315.505186	92.182143
3313	251939.114413	499293.021690	92.282731
3314	252193.679217	499344.234933	93.363732
3316	252185.233779	499325.830196	93.092594
3319	252196.928159	499327.574359	91.513701
3323	252126.681995	499323.689626	93.052002
3324	252083.162461	499355.061478	91.813747
3326	252085.744416	499322.150948	94.508701
3331	251971.300444	499355.100554	91.613229
3332	251981.535012	499351.270165	91.603415
3333	251947.242667	499278.953408	91.744286
3334	252175.355951	499297.522860	92.430186
3344	252187.743144	499274.403054	96.375653
3345	252082.016073	499352.426326	92.008539
3347	251952.556134	499364.054646	91.659318
3349	252206.920742	499366.210017	93.741455
3351	252210.752814	499376.504791	95.810548
3352	252223.887841	499373.994941	95.931886
3357	252098.809937	499390.773795	91.483578
3360	252000.406336	499383.866038	89.629779
3364	251942.215021	499259.798660	96.907692
3369	251916.622167	499327.498373	95.450514
3373	252093.146141	499377.748033	91.987785
3379	252084.334066	499357.809705	93.621221
3380	251977.828419	499351.055329	92.241022
3381	251895.375780	499391.785815	97.613209
3382	251925.244719	499374.510470	91.381067
3383	251902.210518	499388.552913	92.090566
3387	251916.321356	499378.485929	91.994347
3390	252103.074929	499400.076950	93.604482
3394	252002.387438	499426.105323	90.803161
3396	252056.569999	499285.930161	90.193626
3397	251946.663012	499293.456036	90.875859
3398	251879.994478	499308.167986	93.547452
3399	251915.655547	499307.417429	91.237698
3400	252207.166892	499368.158260	92.125745
3401	252193.550034	499403.608674	92.279646
3406	252186.945028	499383.893159	91.734146
3407	252168.537886	499407.061448	98.215935
3408	252176.418915	499413.383918	92.424416
3409	252113.380323	499440.415253	91.671315
3410	252145.094188	499430.986430	97.410079
3411	252113.415143	499449.546160	97.398150
3412	252008.250765	499452.125748	92.453706
3413	251894.106897	499434.056411	98.267699
3414	251902.166767	499457.370212	100.332126
3415	251917.853995	499329.048461	99.825295
3416	251898.594818	499347.101325	99.742790
3417	252204.814245	499366.982943	92.585483
3418	252083.398176	499360.175599	92.747614
3423	252144.930268	499421.723251	97.865056
3427	252221.812725	499442.242861	90.050148
3429	252017.260975	499464.000923	90.380064
3430	251891.244572	499433.260295	91.332390
3431	251881.950601	499434.818296	91.687932
3434	252217.250866	499436.212222	87.536386
3435	252012.643198	499460.077952	89.810011
3438	251897.713117	499457.759043	90.647191
3439	252210.730629	499488.099576	87.196848
3440	252200.049657	499485.096540	88.856618
3443	252035.067904	499486.156003	91.253097
3447	252038.319614	499493.365706	93.134425
3448	252027.862043	499503.322464	93.827022
3449	251999.587914	499513.688487	90.376548
3450	251960.068301	499491.461104	91.318388
3451	251916.395758	499504.392657	92.426203
3452	251910.674969	499484.529682	92.799689
3453	251915.575774	499492.144463	91.954503
3454	252082.546185	499377.083858	80.842025
3460	252145.643421	499430.581930	91.923924
3464	252014.793465	499461.593566	89.849626
3466	252146.715987	499476.990429	90.283262
3469	252158.216719	499532.940424	88.651786
3470	252148.314872	499535.397433	88.690995
3471	252032.832034	499502.762998	94.106295
3472	252018.653146	499503.828893	93.217621
3473	252024.580572	499513.331987	93.887029
3474	252010.208908	499517.273793	94.776295
3477	251989.563261	499529.293314	95.024079
3478	251932.754786	499528.133822	92.207317
3479	251922.714077	499507.612103	91.740569
3481	251936.150715	499541.889323	91.826373
3486	252112.259608	499441.684052	93.046129
3492	252017.561833	499448.486046	93.005863
3499	252011.481273	499454.193945	92.251035
3501	252136.628162	499519.179407	91.824096
3502	252116.862708	499543.994378	90.710644
3503	252072.081363	499556.724326	91.049302
3504	251957.057485	499564.173516	94.713538
3505	251965.712959	499557.975304	95.429913
3506	251974.695237	499549.736269	95.586698
3507	251936.812015	499544.364185	93.675848
3508	252007.203959	499452.878889	91.942090
3509	252167.721173	499586.966844	93.719366
3510	252091.450459	499587.225602	90.156797
3511	252100.087549	499591.886165	89.663848
3520	252083.105971	499590.594262	90.086499
3522	252042.522088	499586.287313	89.737162
3524	251954.295748	499580.787738	91.275716
3527	251956.852260	499566.265842	92.893949
3529	252222.268904	499494.159056	93.096572
3531	252029.320031	499510.449466	96.875097
3532	251947.735276	499544.635842	97.629700
3533	252171.225607	499548.271872	92.731134
3538	252042.941288	499584.719004	91.518869
3539	251925.112762	499590.705293	95.084892
3540	251942.951796	499564.853126	97.945339
3541	251969.359353	499614.281060	92.566301
3542	251959.489955	499607.682120	93.086262
3543	252013.675463	499624.552730	91.569745
3551	251966.244589	499597.410256	92.869108
3552	251928.621905	499598.680109	93.398527
3553	252133.182970	499519.172108	92.859659
3554	252145.047144	499516.581354	92.837009
3555	252008.734193	499515.969446	99.128528
3556	252064.015081	499572.525323	91.603472
3557	252177.083966	499601.155547	95.447234
3558	252164.952196	499605.981589	94.498693
3563	252160.648371	499588.355009	96.928102
3564	252158.954104	499576.220368	98.853076
3565	252205.417186	499620.364505	98.089780
3566	252085.892888	499617.435327	91.218883
3567	252088.394258	499636.353907	98.204118
3568	252126.163772	499619.649390	95.544670
3569	252099.981694	499626.228682	98.253086
3570	252021.847025	499630.481928	90.740021
3571	252050.917116	499618.020103	91.172473
3572	251974.134449	499653.130565	92.278259
3573	252008.562216	499648.490762	91.609810
3574	251988.881965	499638.716642	91.366369
